$ANSIBLE_VAULT;1.1;AES256
38393032613166363066316363643438626536306631616664623837316263663031376631353539
3438356538376634313663326530323131613466633739310a396334393362366132313964643534
31303562653735656239363431326539643932623235346335326162363836626536383431333034
6339653066666339330a313863656663366638613632306163336463353565613634336264636432
62613064633563393435326566633364623561623133373561313465623132303631306430646238
61393463393637323434313964626531303130313061613137316637376431353666633962323139
32373138333932306364646636343838306463343631383166646466656330336139323865643262
30353435363939333964626432653334653361373537303062323434633765623939646564663439
35383339623239393266376536653434323637643733383734313761363064646432363866616366
62636563613665356338353638353334393062653061626139613931393330656661666263306236
35383431363433336566643165383733336161383130643230373238336339643463653561663466
61373563383739313132383638666233383036613763336331636361643262366561376364613565
6630
