$ANSIBLE_VAULT;1.1;AES256
65383031383930396332316264666332656231373433376331343166646535346135373133343164
3635623030303431613134323035646434386537643964330a623466343531353561616135313836
61663032653338643939616539383431323030346532303861636135636564323465333334666466
3530616261373537340a656439363738666131613539323035663330663562633633376634306566
63313739313030366636373732663339663363363534386662313332363863383137653231336333
65353638303533623733363137613534353437633861316134626337306238316131336136643837
30376366353633613039663666373738663964393465646566323163353939336234396231383237
32383863623561393239633865333262376663326134333632326135636537353630653331343237
38356334346339373137623362643233653663363765376331363935333862343164656664616435
66376265643839643138633363643866356236663965356363386261306535393262373532303263
62303236623063386131393939346130346431653865613365386136643664316134343432623230
36346435633734366565656232323337376230663630303631303634626533326465663832353933
37653362633833623639383233346662396532313061326239623534356638313033313363393339
32313336313031633131613363636439623136363332316536666130323639356234326364646661
32643336386233623263363763303038353436306433616663383761353833323439343638656133
63336261623334663563616564373032333636323264376562323132366563636339313432636232
30626239333738653839393864393738666439303639363664656132633836646230326665643735
37373361343337396639346634626461373764373561376334643731626638393061653761326562
30333631306364643061336337333132306266316562646230393133323565326532306562383463
64666330383139323263386138386236343662343361383237393638663333666164396165316433
34633763393366326634323066363337393039643265353030623532303535303734663565616433
32386236653461396232396530333361326261353139323466633461303737303566633731613166
66356131636261303836363534653862663631633537363539313632316439343238393533326133
66323635653736306138353762323336353437363264613737393939663430373861646230656635
3038
